0.0  0.0
5.0  8.6
10.0  17.1
15.0  25.5
20.0  33.9
25.0  42.1
30.0  50.2
35.0  58.2
40.0  66.1
45.0  74.0
50.0  81.7
55.0  89.3
60.0  96.9
65.0  104.3
70.0  111.6
75.0  118.9
80.0  126.0
85.0  133.0
90.0  140.0
95.0  146.8
100.0  153.6
105.0  160.2
110.0  166.8
115.0  173.2
120.0  179.6
125.0  185.9
130.0  192.0
135.0  198.1
140.0  204.0
145.0  209.9
150.0  215.7
155.0  221.3
160.0  226.9
165.0  232.4
170.0  237.7
175.0  243.0
180.0  248.2
185.0  253.3
190.0  258.3
195.0  263.1
200.0  267.9
205.0  272.6
210.0  277.2
215.0  281.7
220.0  286.1
225.0  290.4
230.0  294.6
235.0  298.7
240.0  302.7
245.0  306.6
250.0  310.4
255.0  314.1
260.0  317.7
265.0  321.2
270.0  324.6
275.0  327.9
280.0  331.2
285.0  334.3
290.0  337.3
295.0  340.2
300.0  343.0
305.0  345.8
310.0  348.4
315.0  350.9
320.0  353.3
325.0  355.7
330.0  357.9
335.0  360.1
340.0  362.1
345.0  364.0
350.0  365.9
355.0  367.6
360.0  369.3
365.0  370.8
370.0  372.3
375.0  373.6
380.0  374.9
385.0  376.0
390.0  377.1
395.0  378.0
400.0  378.9
405.0  379.7
410.0  380.3
415.0  380.9
420.0  381.4
425.0  381.7
430.0  382.0
435.0  382.2
440.0  382.3
445.0  382.2
450.0  382.1
455.0  381.9
460.0  381.6
465.0  381.2
470.0  380.7
475.0  380.0
480.0  379.3
485.0  378.5
490.0  377.6
495.0  376.6
500.0  375.5
505.0  374.3
510.0  373.0
515.0  371.6
520.0  370.1
525.0  368.6
530.0  366.9
535.0  365.1
540.0  363.2
545.0  361.2
550.0  359.1
555.0  356.9
560.0  354.7
565.0  352.3
570.0  349.8
575.0  347.2
580.0  344.6
585.0  341.8
590.0  338.9
595.0  336.0
600.0  332.9
605.0  329.7
610.0  326.5
615.0  323.1
620.0  319.7
625.0  316.1
630.0  312.5
635.0  308.7
640.0  304.9
645.0  300.9
650.0  296.9
655.0  292.7
660.0  288.5
665.0  284.2
670.0  279.7
675.0  275.2
680.0  270.6
685.0  265.8
690.0  261.0
695.0  256.1
700.0  251.1
705.0  245.9
710.0  240.7
715.0  235.4
720.0  230.0
725.0  224.5
730.0  218.8
735.0  213.1
740.0  207.3
745.0  201.4
750.0  195.4
755.0  189.3
760.0  183.1
765.0  176.8
770.0  170.4
775.0  163.9
780.0  157.3
785.0  150.6
790.0  143.8
795.0  136.9
800.0  130.0
805.0  122.9
810.0  115.7
815.0  108.4
820.0  101.0
825.0  93.6
830.0  86.0
835.0  78.3
840.0  70.5
845.0  62.7
850.0  54.7
855.0  46.6
860.0  38.5
865.0  30.2
870.0  21.8
875.0  13.4
880.0  4.8